0.026242
0.026242
0.026242
0.026242
0.026242
0.026242
0.026242
0.026242
0.026242
0.026242
0.065378
0.062264
0.026242
0.026242
0.026242
0.026242
0.026242
0.026242
0.026242
0.034128
0.031924
0.031924
0.036841
0.065487
0.026351
0.026351
0.026351
0.024038
0.024038
0.024038
0.024038
0.024038
0.024038
0.024038
0.024038
0.024038
0.024038
0.060060
0.024038
0.024038
0.024038
0.024038
0.024038
0.024038
0.024038
0.024038
0.024038
0.024038
0.060060
0.024038
0.024038
0.024038
0.029355
0.026242
0.026242
0.026242
0.026242
0.026242
0.026242
0.026242
0.026242
0.065378
0.026242
0.026242
0.026242
0.026242
0.026242
0.026242
0.026242
0.026242
0.036634
0.034128
0.041257
0.034128
0.034128
0.026242
0.026242
0.026242
0.054858
0.026242
0.062264
0.026242
0.026242
0.026242
0.026242
0.026242
0.026242
0.026242
0.026242
0.029355
0.026242
0.026242
0.026242
0.026242
0.026242
0.026242
0.026242
0.026242
0.026242
0.026242
0.026242
0.026242
0.026242
0.062264
0.026242
0.026242
0.026242
0.026242
0.026242
0.034128
0.034128
0.034128
0.026242
0.034128
0.034128
0.028555
0.034128
0.034128
0.034128
0.040334
0.063132
0.089668
0.062286
0.099747
0.094220
0.001715
0.001715
0.014480
0.026242
0.067884
0.032682
0.022771
0.026296
0.023790
0.023271
0.026242
0.026242
0.026242
0.026242
0.026242
0.026242
0.026242
0.054858
0.026242
0.026242
0.026242
0.026242
0.026242
0.026242
0.026242
0.026242
0.026242
0.028555
0.067691
0.026242
0.026242
0.026242
0.026242
0.029355
0.026242
0.026384
0.025777
0.006878
0.023271
0.026242
0.065378
0.026242
0.026242
0.026242
0.026242
0.026242
0.026242
0.034128
0.029355
-0.071766
-0.760278
0.356610
0.111185
0.162690
0.164773
0.026077
0.039744
0.037477
-0.034414
0.002952
0.026242
0.008933
-0.020413
0.026242
0.056868
0.035459
0.012544
-0.026371
0.040813
0.051480
0.034128
0.040334
0.026242
0.066197
0.012169
0.046470
0.046470
0.012166
0.069909
0.080301
0.077795
0.026242
-0.047183
0.389973
0.083414
0.045293
0.087868
0.031061
0.031581
0.028748
0.191139
0.026242
0.026994
0.014672
0.026242
0.026242
0.026242
0.028748
0.026242
0.026242
0.026242
0.026242
0.026242
0.026242
0.028748
0.026242
0.026242
0.026242
0.028748
0.026242
0.026242
0.124373
0.031861
0.026242
0.026242
0.042437
0.012998
0.024038
0.024038
0.026351
0.024038
0.024038
0.031924
0.031924
0.024038
0.031924
0.031924
0.031924
0.178053
0.064041
0.066454
0.031924
0.060928
0.004428
0.056328
0.012276
0.012276
0.012276
-0.030479
0.012276
0.075591
0.081117
0.075591
0.141982
0.146899
0.145611
0.145611
0.293160
0.195952
0.558252
0.301574
0.459310
-0.032484
-0.002390
-0.049850
-0.039714
0.014228
-0.084633
-0.052163
-0.039399
-0.040147
-0.026238
-0.017342
-0.017720
-0.025857
0.017279
0.024038
0.021067
0.024038
0.024038
0.024038
0.024038
0.024038
0.026351
0.024038
0.024038
0.027972
0.019178
0.004674
0.004674
0.024038
0.024038
0.024038
0.024038
0.024038
0.024038
0.024038
0.024038
0.024038
0.024038
0.024038
0.060060
0.024038
0.024038
0.024038
0.024038
0.024038
0.027151
0.024038
0.012583
0.002509
0.002509
0.026242
0.026242
0.026242
0.026242
0.062264
0.029355
0.026242
0.054858
0.028555
0.028555
0.034128
0.034128
0.034128
0.034128
0.034128
0.028555
0.067691
0.026242
0.029355
0.023271
-0.193640
-0.129509
0.248939
0.055395
0.082536
0.028748
0.028748
0.026242
0.034364
0.039744
0.117124
0.031858
0.133081
0.034364
0.031861
0.026242
0.026242
0.025777
0.076408
0.058301
0.073618
0.046011
0.006878
0.028748
0.031861
0.028748
0.031861
0.028748
0.026242
-0.089922
0.030865
-0.018642
0.026242
0.029355
0.074788
0.026242
0.006878
0.015504
-0.244551
0.118844
0.130969
0.059189
0.067075
0.031561
0.044367
0.220304
0.298802
0.311608
0.281000
0.435598
0.369921
0.682490
0.248380
0.133665
0.330537
-0.122107
-0.113061
-0.087644
0.014530
0.097183
0.103877
0.030792
-0.052163
-0.039714
-0.011107
-0.039714
-0.027698
-0.062260
-0.022744
-0.029791
-0.029791
-0.029791
-0.029791
-0.017342
-0.017342
-0.026678
-0.001174
0.009345
-0.032761
0.024038
0.026351
0.031924
0.020350
0.031924
0.031924
0.031877
0.026351
0.026351
0.026351
0.024038
0.024038
0.024038
0.024038
0.024038
0.024038
0.053042
0.024038
0.024038
0.012276
0.038130
0.066454
0.038130
0.067800
0.026351
0.026351
0.026351
0.036865
0.060060
0.024038
0.024038
0.024038
0.024038
0.024038
0.024038
0.024038
0.024038
0.024038
0.063174
0.024038
0.024038
0.024038
0.024038
0.024038
0.024038
0.024038
0.024038
0.027151
0.024038
0.060060
0.024038
0.024038
0.026351
0.024038
0.024038
0.027151
0.063174
0.026242
0.026242
0.026242
0.026242
0.026242
0.028748
-0.004620
0.028748
0.033371
0.045362
0.044367
0.049894
0.047996
0.039045
0.044661
0.044661
0.036484
0.012043
0.085173
0.059803
0.130265
0.171144
0.160865
0.171754
0.160865
-0.000598
0.012166
0.026242
0.002952
0.002952
0.024038
0.024038
0.024038
0.024038
0.024038
0.024038
0.024038
0.024038
0.024038
0.024038
0.024038
0.026242
0.029355
0.026242
0.023271
0.026242
0.026242
0.026242
0.026242
0.062264
0.026242
0.026242
0.026242
0.034128
0.034128
0.041257
0.034128
0.044278
0.007974
0.034128
0.067691
0.028555
0.028555
0.028555
0.028555
0.050965
0.119496
0.078031
-0.035186
0.068748
0.099378
0.034128
0.068748
0.036521
0.047210
0.100946
0.024038
0.024038
0.024038
0.024038
0.024038
0.024038
0.024038
0.024038
-0.014280
-0.011167
-0.022080
-0.022080
0.019973
0.024038
0.024038
0.024038
0.024038
0.021067
0.024180
0.021067
0.021067
0.024038
0.024038
0.024038
0.024038
0.052654
0.024038
0.031924
0.034128
0.039654
0.033472
0.028555
0.028555
0.064557
0.039747
0.065378
0.026242
0.026242
0.026242
0.026242
0.026242
0.026242
0.026242
0.026242
0.026242
0.026242
0.024038
0.024038
0.024038
0.024038
0.024038
0.024038
0.024038
0.024038
0.024038
0.027151
0.024038
0.021067
0.021067
0.009613
0.024038
0.024038
0.024038
0.024038
0.024038
0.024038
0.024038
0.024038
0.031924
0.036841
0.031924
0.026351
0.026351
0.026351
0.028555
0.028555
0.028555
0.026242
0.026242
0.026242
0.026242
0.026242
0.026242
0.029355
0.026242
0.026242
0.026242
0.026242
0.026242
0.054858
0.026242
0.026242
0.026242
0.026242
0.026242
0.026242
0.026242
0.026242
0.026242
0.026242
0.026242
0.062264
0.026242
0.026242
0.026242
0.026242
0.026242
0.026242
0.026242
0.026242
0.026242
0.026242
0.030865
0.026242
0.026242
0.067884
0.026242
0.028555
0.028555
0.064577
0.026242
0.026242
0.026242
0.026242
0.026242
0.026242
0.026242
0.026242
0.026242
0.026242
0.026242
0.019668
-0.009923
0.244635
0.326391
0.708971
0.000547
0.135005
0.024765
0.277364
0.233691
2.502574
0.480691
0.553459
0.995942
-0.431323
2.429579
0.325192
1.983259
2.982666
2.013947
4.947312
-1.005533
0.828781
-0.189019
-0.206620
0.041833
-0.108757
-0.025344
0.167363
1.284951
0.996685
0.902831
0.859519
-0.008902
-0.018123
-0.200202
-0.197232
-0.135432
-0.106815
0.040152
-0.093166
-0.017342
-0.020345
-0.020345
-0.028231
-0.038367
-0.040680
0.000385
-0.197749
-0.256926
-0.023287
0.844381
0.394654
0.173247
0.561834
0.623479
0.628225
0.595453
0.554894
0.206321
0.147215
-0.064226
-0.075821
0.014559
-0.044598
-0.048573
-0.030356
-0.095118
-0.096616
-0.047923
-0.018911
-0.042844
-0.520251
-0.332749
-0.106911
-0.160348
-1.242359
-0.010153
0.312565
0.082672
0.029282
-0.048863
-0.005360
-0.014729
0.009084
0.047381
0.021878
0.066046
0.026651
0.026651
-0.001050
0.013149
-0.043651
-0.051036
-0.040680
-0.028231
-0.001544
0.003447
0.379766
0.006809
0.018060
0.021067
0.021067
0.024038
0.024038
0.024038
0.024038
0.024038
0.027151
0.029355
0.026242
0.026242
0.025777
0.026242
0.026384
0.006878
0.075705
-0.018764
-0.025669
0.023271
0.002509
0.002509
0.002509
0.002509
0.002509
0.002509
0.002509
0.012527
0.002509
0.023271
0.012998
0.006878
0.026242
0.026242
0.083975
0.028748
0.028748
0.026242
0.026242
0.026242
0.026242
0.026242
0.026242
0.026242
0.026242
0.054858
0.057365
0.026242
0.055601
0.019380
0.031861
0.026242
0.026242
0.026242
0.026242
0.031061
0.026242
0.028555
0.026242
0.026242
0.026242
0.026242
0.028748
0.034128
0.029355
0.026242
0.028748
0.026242
0.026242
0.026242
0.026242
0.026242
0.026242
0.005378
0.065409
0.108893
0.026242
0.026242
0.028748
0.028748
0.026242
0.163830
-0.128022
-0.115231
0.046011
0.046011
0.127451
0.077174
0.028748
0.026242
0.026242
0.026242
0.026242
0.026242
0.026242
0.028555
0.028555
0.034128
0.026242
0.026242
0.026242
0.026242
0.034128
0.034128
0.034128
0.036634
0.034128
0.108224
0.039654
0.250863
0.019396
0.082712
0.006632
0.001715
0.014480
0.026242
0.002952
0.029355
0.031393
-0.000598
0.043289
0.026242
0.026242
0.026242
0.026242
0.029355
0.026242
0.026242
0.028748
0.026242
0.026242
0.026242
0.026242
0.026242
0.059482
0.028748
0.034128
0.026242
0.026242
0.026242
0.029355
0.026242
0.023271
0.031861
0.026242
0.026242
0.067884
0.026242
0.026242
0.026242
0.026242
0.031861
0.026242
0.029355
0.028748
0.057365
0.026242
0.033146
0.028748
0.034166
0.028890
0.035652
0.061993
0.108523
0.006878
0.028748
0.028748
-0.027240
0.009141
0.026242
0.061013
0.034128
0.039045
0.039045
0.041551
0.034174
0.038766
0.023271
0.028555
0.028555
0.026242
0.026242
0.026242
0.026242
0.026242
0.026242
0.026242
0.026242
0.026242
0.026242
0.026242
0.026242
0.065378
0.026242
0.026242
0.026242
0.026242
0.026242
0.091916
0.028555
0.026242
0.026242
0.023271
0.035795
0.006878
0.023271
0.028748
0.026242
0.031861
0.026242
0.026242
0.026242
0.026242
0.026242
0.026242
0.026242
0.026242
0.026242
0.026242
0.026242
0.026242
0.026242
0.029355
0.026242
0.026242
0.026242
0.026242
0.028748
0.026242
0.036634
0.026242
0.034128
0.077302
0.070954
0.044661
0.044661
-0.008111
0.044661
0.033472
0.004028
0.006632
0.001715
0.001715
-0.000598
0.001715
0.002516
0.069909
0.080347
0.001715
0.001715
0.001715
0.001715
0.063132
0.034128
0.039747
0.028555
0.034128
0.028555
0.026242
0.026242
0.026242
0.026242
0.026242
0.026242
0.028748
0.026242
0.026242
0.065378
0.026242
0.026242
0.023271
0.023271
0.026242
0.026242
0.026242
0.026242
0.026242
0.026242
0.026242
0.026242
0.026242
0.026242
0.026242
0.026242
0.026242
0.026242
0.026242
0.026242
0.034128
0.034128
0.034128
0.038271
0.031924
0.031924
0.026351
0.026351
0.123140
0.097187
0.188836
0.096933
0.007542
0.004428
0.004428
0.029940
0.070819
0.172410
0.033692
0.067705
0.000312
0.000312
0.000748
0.024038
0.024038
0.024038
0.025806
0.024038
0.024038
0.024038
0.024038
0.060203
0.024038
0.024038
0.024038
0.024038
0.024038
0.024038
0.026242
0.026242
0.026242
0.026242
0.026242
0.026242
0.028748
0.026242
0.026242
0.034128
0.026242
0.026242
0.034128
0.034128
0.034128
0.039045
0.039091
0.074595
0.028555
0.014480
0.019396
0.136840
0.198176
0.095794
0.082712
-0.000489
-0.000489
0.004428
-0.000489
-0.011015
0.030244
0.003861
0.000748
0.018060
0.052654
-0.073930
0.024038
0.024038
0.024038
0.024038
0.024038
0.024038
0.024038
0.024038
0.024038
0.058624
-0.000462
0.023271
0.057163
0.019960
0.023271
0.026242
0.026242
0.031861
0.026242
0.028748
0.028748
0.066252
0.095001
-0.055283
0.036634
0.031537
0.034174
0.028555
0.026242
0.031861
0.026242
0.026242
0.028748
0.028748
0.026242
0.026242
0.026242
0.109267
0.034128
0.034128
0.034128
0.034128
0.028555
0.067063
0.123908
0.066133
0.059181
0.031061
0.010884
-0.006537
0.026242
0.016986
0.062323
-0.000598
0.028010
-0.000598
0.026242
0.023271
0.026242
0.082610
0.033606
0.039683
0.012998
0.023271
0.026242
0.088946
0.026242
0.028748
0.026242
0.028748
0.026242
0.035442
0.034128
0.036634
0.034128
0.031668
0.034081
0.028555
0.058984
-0.000803
0.034128
0.034128
0.026242
0.028748
0.044953
0.051569
0.111983
0.187204
0.106664
0.119865
-0.142419
0.096650
0.045363
0.075356
0.067943
0.074169
0.135972
0.150439
0.390367
0.107152
0.195087
-0.020413
0.280469
0.187828
0.283718
0.041767
0.187483
-0.010466
-0.047646
-0.024896
-0.034882
-0.003207
-0.045140
-0.035197
0.032996
0.003861
0.018333
-0.246800
-0.040212
0.205082
0.411411
0.306169
3.918786
3.749987
0.458814
0.042774
0.091888
0.499484
0.099249
0.052764
0.080019
0.265684
0.083684
0.100386
0.169090
0.154328
0.087937
0.062112
0.062112
-0.083300
-0.164736
-0.045026
-0.178828
-0.177807
-0.163606
-0.043651
-0.040680
-0.043651
-0.028231
-0.040680
-0.040680
0.018586
-0.040680
-0.040680
-0.040680
-0.028231
-0.028231
-0.028231
-0.028231
-0.028231
-0.073149
-0.037567
-0.040537
-0.043651
-0.040680
-0.040680
-0.025169
-0.159799
0.284876
0.016262
0.016262
0.005306
-0.102151
0.031274
0.035082
0.077422
-0.035393
0.040434
0.029764
-0.003553
-0.006666
0.010178
-0.054654
-0.164255
0.018765
0.017930
-0.027509
-0.035525
-0.045680
0.041078
0.099540
0.476326
-0.044584
-0.033161
-0.030748
-0.048290
-0.045610
-0.052052
-0.048723
-0.042517
-0.196151
-0.112066
0.036992
0.139481
0.003803
-0.003010
-0.057231
-0.087538
-0.094442
-0.027698
0.177613
-0.010882
0.031637
0.021067
0.006878
0.040489
0.026242
0.028748
0.028748
0.016938
0.045362
0.026242
0.028748
0.026242
0.029675
0.042908
0.031389
0.026296
0.006878
0.026242
0.026242
0.026242
0.026242
0.026242
0.002509
0.002509
0.002509
0.023724
0.002509
0.002509
0.024038
0.024038
0.011560
0.024038
0.024038
0.027151
0.012583
0.024038
-0.115360
0.066157
0.037540
0.024038
0.027151
0.024038
0.027151
0.026351
0.026351
0.026351
0.024038
0.024038
0.024038
0.026242
0.031861
0.026242
0.026242
0.026242
0.026242
0.026242
0.026242
0.036634
0.021650
0.039747
0.036634
0.026242
0.029355
0.028555
0.028555
0.034128
0.031861
0.028748
0.026242
0.028748
0.028555
0.034174
0.034128
0.063132
0.028555
0.029355
0.034128
0.028555
0.028555
0.028555
0.036634
0.034128
0.040334
0.031861
0.026242
0.026242
0.026242
0.031861
0.026242
0.088946
0.028748
0.026242
0.028748
0.026242
0.027062
0.028748
0.016270
0.031861
0.234146
0.081296
0.035459
0.031061
0.036634
0.034174
0.026242
0.026242
0.024038
0.024038
0.024038
0.024038
0.024038
0.024038
0.024038
0.024038
0.024038
0.024038
0.024038
0.024038
0.024180
0.021067
0.024038
0.024038
0.024038
0.024038
0.026242
0.026242
0.026242
0.062264
0.026242
0.039324
0.026242
0.039324
0.026242
0.026242
0.024038
0.024038
0.024038
0.026351
0.031924
0.024038
0.024038
0.024038
0.024038
0.024038
0.024038
0.024038
0.024038
0.024038
0.024038
0.024038
0.024038
0.042437
0.028555
0.026384
0.023271
0.023271
0.026242
0.026242
0.026242
0.028748
0.029355
0.057172
0.026242
0.028555
0.028555
0.039045
0.039045
0.034128
0.039045
0.064577
0.028555
0.026242
0.028555
0.028555
0.014480
0.012166
0.026242
0.026242
0.026242
0.026242
0.026242
0.026242
0.026242
0.062264
0.026242
0.026242
0.026242
0.026242
0.026242
0.026242
0.026242
0.026242
0.026242
0.026242
0.026242
0.031861
0.036260
0.028748
0.026242
0.026242
0.026242
0.026242
0.026242
0.026242
0.026242
0.034128
0.036441
0.064577
0.028555
0.028555
0.028555
0.028555
0.026242
0.026242
0.026242
0.026242
0.026242
0.026242
0.026242
0.026242
0.026242
0.026242
0.026242
0.054858
0.026242
0.026242
0.026242
0.026242
0.026242
0.026242
0.034128
0.034128
0.039045
0.070374
0.055631
0.201549
0.171690
0.056424
0.076084
0.056424
0.006427
-0.007649
-0.004546
0.011259
0.012166
0.042482
0.086334
0.146293
0.171306
0.163701
0.079557
0.056759
0.056759
0.207806
0.034174
0.064577
0.026242
0.023271
0.006878
0.028748
0.026242
0.026242
0.026242
0.026242
0.026242
0.026242
0.026242
0.026242
0.026242
0.026242
0.026242
0.026242
0.026242
0.026242
0.026242
0.026242
0.026242
0.034128
0.034128
0.031924
0.031924
0.031924
0.031924
0.026351
0.024038
0.024038
0.024038
0.054968
0.024038
0.024038
0.024038
0.024038
0.024038
0.024038
0.024038
0.024038
